[gd_scene format=3 uid="uid://i1kavmi05q6k"]

[ext_resource type="Script" uid="uid://btqp10lt30b0u" path="res://overworld_base.gd" id="1_2jjpf"]
[ext_resource type="PackedScene" uid="uid://bc16kytrg0t32" path="res://Character.tscn" id="2_e576r"]
[ext_resource type="Texture2D" uid="uid://2tyb4f5pycuc" path="res://assets/base_bush_128x128.png" id="5_p5ppj"]
[ext_resource type="Script" uid="uid://btwkuqh33iglq" path="res://chapter2/scatter_placement.gd" id="5_y7lbr"]
[ext_resource type="Texture2D" uid="uid://drhret326m3jm" path="res://assets/chamomile_cluster_256x256.png" id="7_q04gs"]
[ext_resource type="Texture2D" uid="uid://c08im8e4vsoho" path="res://assets/tree_1_384x384.png" id="8_eb07m"]
[ext_resource type="Texture2D" uid="uid://byevew7i3q486" path="res://assets/base_tile_128x128.png" id="10_46g0g"]
[ext_resource type="PackedScene" uid="uid://ctgjq4krm4248" path="res://asset_sprite_base.tscn" id="11_s71km"]

[sub_resource type="StandardMaterial3D" id="StandardMaterial3D_46g0g"]
albedo_texture = ExtResource("10_46g0g")
uv1_scale = Vector3(32, 32, 32)

[sub_resource type="PlaneMesh" id="PlaneMesh_b0jfn"]
lightmap_size_hint = Vector2i(12, 12)

[node name="OverworldBase" type="Node3D" unique_id=2002152738]
script = ExtResource("1_2jjpf")

[node name="DirectionalLight3D" type="DirectionalLight3D" parent="." unique_id=479800490]
transform = Transform3D(0.9999991, -0.00087653694, 0.0009770769, -0.00042503336, 0.48803693, 0.8728229, -0.0012419112, -0.8728225, 0.48803616, -0.005060926, 10.202808, 16.834465)

[node name="Character" parent="." unique_id=862054798 instance=ExtResource("2_e576r")]

[node name="Bushes" type="Node3D" parent="." unique_id=643443880]
transform = Transform3D(1, 0, 0, 0, 0.70710677, -0.70710677, 0, 0.70710677, 0.70710677, -9.97428, 0, -1.5975621)
script = ExtResource("5_y7lbr")

[node name="Bush" parent="Bushes" unique_id=977840974 instance=ExtResource("11_s71km")]
transform = Transform3D(1, 0, 0, 0, 0.7071068, 0.7071068, 0, -0.7071068, 0.7071068, 1.4407997, 1.2094077, 1.0498863)
offset = Vector2(0, 64)
texture = ExtResource("5_p5ppj")

[node name="Bush2" parent="Bushes" unique_id=46532995 instance=ExtResource("11_s71km")]
transform = Transform3D(1, 0, 0, 0, 0.7071068, 0.7071068, 0, -0.7071068, 0.7071068, -3.959793, 6.7203937, 6.560872)
offset = Vector2(0, 64)
texture = ExtResource("5_p5ppj")

[node name="Bush3" parent="Bushes" unique_id=1761720557 instance=ExtResource("11_s71km")]
transform = Transform3D(1, 0, 0, 0, 0.7071068, 0.7071068, 0, -0.7071068, 0.7071068, 21.562979, -8.921349, -9.08087)
offset = Vector2(0, 64)
texture = ExtResource("5_p5ppj")

[node name="Bush4" parent="Bushes" unique_id=1195588726 instance=ExtResource("11_s71km")]
transform = Transform3D(1, 0, 0, 0, 0.7071068, 0.7071068, 0, -0.7071068, 0.7071068, 33.195473, 10.0318775, 9.872356)
offset = Vector2(0, 64)
texture = ExtResource("5_p5ppj")

[node name="Chamomiles" type="Node3D" parent="." unique_id=1564973035]
transform = Transform3D(1, 0, 0, 0, 0.70710677, -0.70710677, 0, 0.70710677, 0.70710677, 15.600717, 0, -1.5975621)
script = ExtResource("5_y7lbr")
scatter_count_min = 2
scatter_count_max = 3

[node name="Chamomile" parent="Chamomiles" unique_id=1439956876 instance=ExtResource("11_s71km")]
transform = Transform3D(1, 0, 0, 0, 0.7071068, 0.7071068, 0, -0.7071068, 0.7071068, -8.351273, 5.6183095, 5.458788)
offset = Vector2(0, 64)
texture = ExtResource("7_q04gs")

[node name="Chamomile2" parent="Chamomiles" unique_id=221940405 instance=ExtResource("11_s71km")]
transform = Transform3D(1, 0, 0, 0, 0.7071068, 0.7071068, 0, -0.7071068, 0.7071068, 3.8692656, 1.9517992, 1.7922776)
offset = Vector2(0, 64)
texture = ExtResource("7_q04gs")

[node name="Chamomile3" parent="Chamomiles" unique_id=1000669967 instance=ExtResource("11_s71km")]
transform = Transform3D(1, 0, 0, 0, 0.7071068, 0.7071068, 0, -0.7071068, 0.7071068, -43.371952, 8.244544, 8.085022)
offset = Vector2(0, 64)
texture = ExtResource("7_q04gs")

[node name="Trees" type="Node3D" parent="." unique_id=488812126]
transform = Transform3D(1, 0, 0, 0, 0.70710677, -0.70710677, 0, 0.70710677, 0.70710677, -23.693298, 0, -1.5975621)
script = ExtResource("5_y7lbr")
scatter_count_min = 4
scatter_count_max = 6

[node name="Tree" parent="Trees" unique_id=1434359962 instance=ExtResource("11_s71km")]
transform = Transform3D(1, 0, 0, 0, 0.7071068, 0.7071068, 0, -0.7071068, 0.7071068, 4.5693026, -9.300955, -9.460476)
offset = Vector2(0, 191.49)
texture = ExtResource("8_eb07m")

[node name="Tree2" parent="Trees" unique_id=1273822227 instance=ExtResource("11_s71km")]
transform = Transform3D(1, 0, 0, 0, 0.7071068, 0.7071068, 0, -0.7071068, 0.7071068, -2.8103485, 3.8022919, 3.6427708)
offset = Vector2(0, 191.49)
texture = ExtResource("8_eb07m")

[node name="Tree3" parent="Trees" unique_id=2066681582 instance=ExtResource("11_s71km")]
transform = Transform3D(1, 0, 0, 0, 0.7071068, 0.7071068, 0, -0.7071068, 0.7071068, 45.888073, 6.6417675, 6.4822464)
offset = Vector2(0, 191.49)
texture = ExtResource("8_eb07m")

[node name="Tree4" parent="Trees" unique_id=1231308948 instance=ExtResource("11_s71km")]
transform = Transform3D(1, 0, 0, 0, 0.7071068, 0.7071068, 0, -0.7071068, 0.7071068, 30.216377, -5.593581, -5.7531023)
offset = Vector2(0, 191.49)
texture = ExtResource("8_eb07m")

[node name="Tree5" parent="Trees" unique_id=1742800421 instance=ExtResource("11_s71km")]
transform = Transform3D(1, 0, 0, 0, 0.7071068, 0.7071068, 0, -0.7071068, 0.7071068, 13.746971, 11.215409, 11.055888)
offset = Vector2(0, 191.49)
texture = ExtResource("8_eb07m")

[node name="Tree6" parent="Trees" unique_id=1353969050 instance=ExtResource("11_s71km")]
transform = Transform3D(1, 0, 0, 0, 0.7071068, 0.7071068, 0, -0.7071068, 0.7071068, 13.746971, -5.0290422, -5.1885633)
offset = Vector2(0, 191.49)
texture = ExtResource("8_eb07m")

[node name="Tree7" parent="Trees" unique_id=556147132 instance=ExtResource("11_s71km")]
transform = Transform3D(1, 0, 0, 0, 0.7071068, 0.7071068, 0, -0.7071068, 0.7071068, 53.757614, -5.0290422, -5.1885633)
offset = Vector2(0, 191.49)
texture = ExtResource("8_eb07m")

[node name="Ground" type="MeshInstance3D" parent="." unique_id=404712858]
transform = Transform3D(54.63465, 0, 0, 0, 1, 0, 0, 0, 42.75453, -0.0009946823, 0.091383934, -0.068897724)
material_override = SubResource("StandardMaterial3D_46g0g")
mesh = SubResource("PlaneMesh_b0jfn")
