[gd_scene format=3 uid="uid://i1kavmi05q6k"]

[ext_resource type="Script" uid="uid://btqp10lt30b0u" path="res://overworld_base.gd" id="1_aqkp0"]
[ext_resource type="PackedScene" uid="uid://dqud3sgjo74y8" path="res://assets/asset_plane_base.tscn" id="1_vodtt"]

[sub_resource type="Environment" id="Environment_vodtt"]
background_mode = 2

[sub_resource type="StandardMaterial3D" id="StandardMaterial3D_vodtt"]
albedo_color = Color(0.21960784, 1, 0.26666668, 1)

[sub_resource type="PlaneMesh" id="PlaneMesh_b0jfn"]
material = SubResource("StandardMaterial3D_vodtt")

[node name="OverworldBase" type="Node3D" unique_id=2002152738]
script = ExtResource("1_aqkp0")

[node name="Camera3D" type="Camera3D" parent="." unique_id=663389705]
transform = Transform3D(1, 0, 0, 0, 0.7071068, 0.7071068, 0, -0.7071068, 0.7071068, 0, 6.3515496, 6.6317544)
environment = SubResource("Environment_vodtt")
current = true

[node name="Ground" type="MeshInstance3D" parent="." unique_id=404712858]
transform = Transform3D(54.63465, 0, 0, 0, 1, 0, 0, 0, 42.75453, 0.009077072, 9.536743e-07, -0.0029764175)
mesh = SubResource("PlaneMesh_b0jfn")

[node name="AssetPlaneBase" parent="." unique_id=1648767978 instance=ExtResource("1_vodtt")]
transform = Transform3D(1, 0, 0, 0, 0.7071067, -0.7071067, 0, 0.7071067, 0.7071067, 0, 0, 0)

[node name="DirectionalLight3D" type="DirectionalLight3D" parent="." unique_id=479800490]
transform = Transform3D(0.99999917, -0.0008765066, 0.0009770854, 0.0008787084, 0.999997, -0.0022445282, -0.00097510585, 0.0022453887, 0.99999696, -0.005060926, 10.202808, 0.012964813)
