[gd_scene format=3 uid="uid://bcrkw1judwpfo"]

[ext_resource type="Script" uid="uid://btqp10lt30b0u" path="res://overworld_base.gd" id="1_yxqur"]
[ext_resource type="Script" uid="uid://pqjcyxq2vas3" path="res://chapter2/char_movement.gd" id="2_unq8b"]
[ext_resource type="PackedScene" uid="uid://dqud3sgjo74y8" path="res://assets/asset_plane_base.tscn" id="3_d6ub8"]
[ext_resource type="Texture2D" uid="uid://t67h43i4vd1b" path="res://assets/base_person_128x256.png" id="4_t0jha"]
[ext_resource type="PackedScene" uid="uid://driiwb4q8aol6" path="res://assets/models/ch1_overworld_env.glb" id="6_2q104"]
[ext_resource type="PackedScene" uid="uid://b6de6ek8dgmue" path="res://npc_base.tscn" id="7_7s0cm"]
[ext_resource type="Texture2D" uid="uid://c4oypf7c134xg" path="res://assets/base_tea_plant_128x128.png" id="9_ulgpr"]

[sub_resource type="BoxShape3D" id="BoxShape3D_7pokv"]
size = Vector3(2.0336914, 0.25708008, 2.5019531)

[node name="OverworldBase" type="Node3D" unique_id=2002152738]
script = ExtResource("1_yxqur")

[node name="DirectionalLight3D" type="DirectionalLight3D" parent="." unique_id=479800490]
transform = Transform3D(0.83626544, -0.47841692, 0.26791298, -0.0004250334, 0.48803696, 0.8728229, -0.54832464, -0.7300255, 0.4079251, 36.518227, 88.14396, 73.44497)

[node name="Character" type="CharacterBody3D" parent="." unique_id=1379564249]
transform = Transform3D(1, 0, 0, 0, 1, 0, 0, 0, 1, 0, 17.01232, 0.4905343)
script = ExtResource("2_unq8b")

[node name="AssetPlaneBase" parent="Character" unique_id=1830317028 instance=ExtResource("3_d6ub8")]
transform = Transform3D(1, 0, 0, 0, -4.3711385e-08, -0.99999994, 0, 0.99999994, -4.3711385e-08, 0, 0, 0)
plane_texture_img = ExtResource("4_t0jha")

[node name="CollisionShape3D" type="CollisionShape3D" parent="Character" unique_id=1724490323]
transform = Transform3D(1, 0, 0, 0, 0.70710677, -0.70710677, 0, 0.70710677, 0.70710677, -0.011230469, 0.5228205, -0.5392207)
shape = SubResource("BoxShape3D_7pokv")

[node name="Camera" type="Camera3D" parent="Character" unique_id=663389705]
transform = Transform3D(1, 0, 0, 0, 1, 0, 0, 0, 1, 0, 4.2349854, 13.502614)
current = true

[node name="TeaPlantBase" parent="." unique_id=1648767978 instance=ExtResource("3_d6ub8")]
transform = Transform3D(1, 0, 0, 0, 0.70710677, -0.70710677, 0, 0.70710677, 0.70710677, 14.657777, 16.246998, 11.080194)
plane_texture_img = ExtResource("9_ulgpr")

[node name="Environment" type="Node3D" parent="." unique_id=1948100022]

[node name="ch1_overworld_env" parent="." unique_id=1950368290 instance=ExtResource("6_2q104")]

[node name="NPC1" parent="." unique_id=1544334235 instance=ExtResource("7_7s0cm")]
transform = Transform3D(1, 0, 0, 0, 1, 0, 0, 0, 1, -25.120466, 17.033836, -1.156765)
