[gd_scene format=3 uid="uid://i1kavmi05q6k"]

[ext_resource type="Script" uid="uid://btqp10lt30b0u" path="res://overworld_base.gd" id="1_2jjpf"]
[ext_resource type="PackedScene" uid="uid://dqud3sgjo74y8" path="res://assets/asset_plane_base.tscn" id="2_0a14x"]
[ext_resource type="Script" uid="uid://pqjcyxq2vas3" path="res://chapter1/char_movement.gd" id="2_6yx43"]
[ext_resource type="Texture2D" uid="uid://t67h43i4vd1b" path="res://assets/base_person_128x256.png" id="4_p5ppj"]
[ext_resource type="Texture2D" uid="uid://2tyb4f5pycuc" path="res://assets/base_bush_128x128.png" id="5_p5ppj"]
[ext_resource type="Script" uid="uid://btwkuqh33iglq" path="res://chapter1/scatter_placement.gd" id="5_y7lbr"]
[ext_resource type="Texture2D" uid="uid://c4oypf7c134xg" path="res://assets/base_tea_plant_128x128.png" id="6_p5ppj"]

[sub_resource type="BoxShape3D" id="BoxShape3D_7pokv"]
size = Vector3(2.0336914, 0.25708008, 2.5019531)

[sub_resource type="StandardMaterial3D" id="StandardMaterial3D_vodtt"]
albedo_color = Color(0.21960784, 0.5254902, 0.26666668, 1)

[sub_resource type="PlaneMesh" id="PlaneMesh_b0jfn"]
material = SubResource("StandardMaterial3D_vodtt")

[node name="OverworldBase" type="Node3D" unique_id=2002152738]
script = ExtResource("1_2jjpf")

[node name="DirectionalLight3D" type="DirectionalLight3D" parent="." unique_id=479800490]
transform = Transform3D(0.9999993, -0.0008765172, 0.0009770761, -0.0009751071, 0.0022453493, 0.9999971, -0.00087872834, -0.99999714, 0.0022444848, -0.005060926, 10.202808, 0.012964813)

[node name="Character" type="CharacterBody3D" parent="." unique_id=1379564249]
script = ExtResource("2_6yx43")

[node name="AssetPlaneBase" parent="Character" unique_id=1830317028 instance=ExtResource("2_0a14x")]
plane_texture_img = ExtResource("4_p5ppj")

[node name="CollisionShape3D" type="CollisionShape3D" parent="Character" unique_id=1724490323]
transform = Transform3D(1, 0, 0, 0, 0.70710677, -0.70710677, 0, 0.70710677, 0.70710677, -0.011230469, 0.5228205, -0.5392207)
shape = SubResource("BoxShape3D_7pokv")

[node name="Camera" type="Camera3D" parent="Character" unique_id=663389705]
transform = Transform3D(0.3857773, -0.65237105, 0.65237105, 0, 0.7071068, 0.7071068, -0.9225919, -0.27278575, 0.27278575, 5.616289, 8.477509, 6.6317544)
current = true

[node name="BushParent" type="Node3D" parent="." unique_id=643443880]
transform = Transform3D(1, 0, 0, 0, 0.70710677, -0.70710677, 0, 0.70710677, 0.70710677, -9.97428, 0, -1.5975621)
script = ExtResource("5_y7lbr")

[node name="Bush" parent="BushParent" unique_id=1648767978 instance=ExtResource("2_0a14x")]
transform = Transform3D(1, 0, 0, 0, 1, 0, 0, 0, 1, 6, 0, 0)
plane_texture_img = ExtResource("5_p5ppj")

[node name="TeaPlantBase" parent="." unique_id=1332769204 instance=ExtResource("2_0a14x")]
transform = Transform3D(1, 0, 0, 0, 0.70710677, -0.70710677, 0, 0.70710677, 0.70710677, 1.825, 0, 0)
plane_texture_img = ExtResource("6_p5ppj")

[node name="Ground" type="MeshInstance3D" parent="." unique_id=404712858]
transform = Transform3D(54.63465, 0, 0, 0, 1, 0, 0, 0, 42.75453, 0.009077072, 9.536743e-07, -0.0029764175)
mesh = SubResource("PlaneMesh_b0jfn")
